8.53971e-25 1.18634e+07 -1.08602e-10 1.97723e+06 3.4856e-10 -4.15686e-09 1.36497e+07 -3.50253e-11 -3391.3 -8.75632e-12 113747 2.88671e-11 1.3922e-05 -1.82721e+10 4.25339e-25 8.51922e+06 -7.32094e-13 425961 4.58012e-10 -3.62542e+06 -1.03586e-09 -1.35351e-10 -1.35351e-10 -1.35351e-10 -1.35351e-10 -1.35351e-10 -1.35351e-10 -1.35351e-10 -1.35351e-10 -1.35351e-10 -1.35351e-10 -1.35351e-10 -1.18634e+07 -4.82637e-27 625187 1.03237e-10 -494307 -2.04745e+07 -2.62209e-10 231664 -3.12463e-13 19305.4 6.55522e-12 -28436.8 3.65442e+10 7.45788e-07 -2.54086e+08 -2.29198e-26 51074 3.0456e-11 -705795 -2.95947e-10 906354 599054 599054 599054 599054 599054 599054 599054 599054 599054 599054 599054 1.08602e-10 -625187 0 -104198 -4.52509e-12 1.75607e-10 -274361 -1.73498e-12 1950.88 1.44582e-13 -2286.34 -2.43899e-13 -4.69561e-07 3.76526e+08 2.90839e-09 -900435 0 -45021.8 -8.07886e-12 74707.6 1.16459e-11 0 0 0 0 0 0 0 0 0 0 0 -1.97723e+06 -1.03237e-10 104198 -2.20322e-30 -82384.5 -3.41242e+06 -1.31104e-10 38610.7 5.20772e-14 3217.56 3.64179e-13 -4739.47 6.0907e+09 2.48596e-07 -4.23477e+07 -1.0152e-10 8512.33 -1.17484e-28 -117632 -2.46623e-11 151059 99842.4 99842.4 99842.4 99842.4 99842.4 99842.4 99842.4 99842.4 99842.4 99842.4 99842.4 -3.4856e-10 494307 4.52509e-12 82384.5 -8.51195e-28 -8.66012e-10 568736 4.37816e-12 -141.304 1.21616e-13 4739.47 2.40559e-13 1.74025e-06 -7.61338e+08 -6.87018e-09 354967 3.05039e-14 17748.4 5.50608e-30 -151059 -1.4387e-11 5.63964e-12 5.63964e-12 5.63964e-12 5.63964e-12 5.63964e-12 5.63964e-12 5.63964e-12 5.63964e-12 5.63964e-12 5.63964e-12 5.63964e-12 4.15686e-09 2.04745e+07 -1.75607e-10 3.41242e+06 8.66012e-10 -2.94385e-22 2.63603e+09 -1.77321e-08 -1.77425e+06 -2.95535e-09 2.19669e+07 5.64014e-09 -3.43663e-05 1.24926e+11 -4.39412e-07 -1.60687e+08 1.68932e-10 -8.03433e+06 -6.10294e-09 2.4787e+07 5.96638e-09 -1.25907e-09 -1.25907e-09 -1.25907e-09 -1.25907e-09 -1.25907e-09 -1.25907e-09 -1.25907e-09 -1.25907e-09 -1.25907e-09 -1.25907e-09 -1.25907e-09 -1.36497e+07 2.62209e-10 274361 1.31104e-10 -568736 -2.63603e+09 1.30575e-23 4.32579e+07 -1.08946e-10 3.60483e+06 1.38806e-09 -3.66115e+06 -1.66568e+11 -2.51168e-06 2.54107e+09 -3.91134e-09 -576299 -5.86701e-10 7.05854e+06 2.49175e-09 -4.13116e+06 2.32748e+06 2.32748e+06 2.32748e+06 2.32748e+06 2.32748e+06 2.32748e+06 2.32748e+06 2.32748e+06 2.32748e+06 2.32748e+06 2.32748e+06 3.50253e-11 -231664 1.73498e-12 -38610.7 -4.37816e-12 1.77321e-08 -4.32579e+07 5.37057e-28 142646 3.75649e-11 -360483 -4.92558e-11 2.23938e-06 -3.25093e+09 -1.37344e-08 7.166e+06 -6.90435e-12 358300 1.14454e-10 -645027 -9.2567e-11 1.58918e-11 1.58918e-11 1.58918e-11 1.58918e-11 1.58918e-11 1.58918e-11 1.58918e-11 1.58918e-11 1.58918e-11 1.58918e-11 1.58918e-11 3391.3 3.12463e-13 -1950.88 -5.20772e-14 141.304 1.77425e+06 1.08946e-10 -142646 0 -11887.1 -9.07884e-13 2464.24 2.45542e+08 1.41094e-08 -7.1034e+06 -2.17613e-11 10702.1 1.08807e-12 -19731.7 -2.79948e-12 6089.84 -29435.8 -29435.8 -29435.8 -29435.8 -29435.8 -29435.8 -29435.8 -29435.8 -29435.8 -29435.8 -29435.8 8.75632e-12 -19305.4 -1.44582e-13 -3217.56 -1.21616e-13 2.95535e-09 -3.60483e+06 -3.75649e-11 11887.1 -2.2646e-28 -30040.2 -2.05232e-12 3.11025e-07 -2.70911e+08 -3.43361e-09 597167 5.75363e-13 29858.3 3.17927e-12 -53752.2 -4.62835e-12 -1.32431e-12 -1.32431e-12 -1.32431e-12 -1.32431e-12 -1.32431e-12 -1.32431e-12 -1.32431e-12 -1.32431e-12 -1.32431e-12 -1.32431e-12 -1.32431e-12 -113747 -6.55522e-12 2286.34 -3.64179e-13 -4739.47 -2.19669e+07 -1.38806e-09 360483 9.07884e-13 30040.2 8.74516e-32 -30509.6 -1.38807e+09 -1.04653e-07 2.11756e+07 9.77834e-11 -4802.49 1.62972e-12 58821.2 4.15291e-12 -34426.3 19395.7 19395.7 19395.7 19395.7 19395.7 19395.7 19395.7 19395.7 19395.7 19395.7 19395.7 -2.88671e-11 28436.8 2.43899e-13 4739.47 -2.40559e-13 -5.64014e-09 3.66115e+06 4.92558e-11 -2464.24 2.05232e-12 30509.6 1.067e-28 -3.34117e-07 1.73509e+08 3.05147e-09 -223176 -2.34628e-13 -11158.8 1.69526e-12 34426.3 1.18381e-12 1.74871e-12 1.74871e-12 1.74871e-12 1.74871e-12 1.74871e-12 1.74871e-12 1.74871e-12 1.74871e-12 1.74871e-12 1.74871e-12 1.74871e-12 -1.3922e-05 -3.65442e+10 4.69561e-07 -6.0907e+09 -1.74025e-06 3.43663e-05 1.66568e+11 -2.23938e-06 -2.45542e+08 -3.11025e-07 1.38807e+09 3.34117e-07 1.36955e-17 1.04072e+14 -0.000498392 -5.35337e+10 -2.01266e-08 -2.67669e+09 -4.15327e-06 2.06491e+10 7.60848e-06 5.32257e-07 5.32257e-07 5.32257e-07 5.32257e-07 5.32257e-07 5.32257e-07 5.32257e-07 5.32257e-07 5.32257e-07 5.32257e-07 5.32257e-07 1.82721e+10 -7.45788e-07 -3.76526e+08 -2.48596e-07 7.61338e+08 -1.24926e+11 2.51168e-06 3.25093e+09 -1.41094e-08 2.70911e+08 1.04653e-07 -1.73509e+08 -1.04072e+14 -5.4007e-19 7.74332e+11 -1.47895e-06 -2.21344e+07 -1.47895e-07 2.15092e+09 1.33025e-06 -2.58114e+09 -3.23783e+08 -3.23783e+08 -3.23783e+08 -3.23783e+08 -3.23783e+08 -3.23783e+08 -3.23783e+08 -3.23783e+08 -3.23783e+08 -3.23783e+08 -3.23783e+08 1.34506e-23 2.54086e+08 -2.90839e-09 4.23477e+07 6.87018e-09 4.39412e-07 -2.54107e+09 1.37344e-08 7.1034e+06 3.43361e-09 -2.11756e+07 -3.05147e-09 0.000498392 -7.74332e+11 3.2554e-23 7.5982e+08 -7.10531e-10 3.7991e+07 2.53944e-08 -1.53637e+08 -3.70827e-08 -1.41482e-09 -1.41482e-09 -1.41482e-09 -1.41482e-09 -1.41482e-09 -1.41482e-09 -1.41482e-09 -1.41482e-09 -1.41482e-09 -1.41482e-09 -1.41482e-09 -8.51922e+06 6.61411e-27 900435 1.0152e-10 -354967 1.60687e+08 3.91134e-09 -7.166e+06 2.17613e-11 -597167 -9.77834e-11 223176 5.35337e+10 1.47895e-06 -7.5982e+08 7.7571e-26 410263 1.49795e-10 -2.11061e+06 -5.86883e-10 1.32772e+06 177280 177280 177280 177280 177280 177280 177280 177280 177280 177280 177280 7.32094e-13 -51074 0 -8512.33 -3.05039e-14 -1.68932e-10 576299 6.90435e-12 -10702.1 -5.75363e-13 4802.49 2.34628e-13 2.01266e-08 2.21344e+07 7.10531e-10 -410263 0 -20513.1 -1.9737e-12 4391.74 -4.99172e-13 0 0 0 0 0 0 0 0 0 0 0 -425961 -3.0456e-11 45021.8 1.00397e-28 -17748.4 8.03433e+06 5.86701e-10 -358300 -1.08807e-12 -29858.3 -1.62972e-12 11158.8 2.67669e+09 1.47895e-07 -3.7991e+07 -1.49795e-10 20513.1 4.84093e-28 -105531 -1.46721e-11 66386.1 8864.01 8864.01 8864.01 8864.01 8864.01 8864.01 8864.01 8864.01 8864.01 8864.01 8864.01 -4.58012e-10 705795 8.07886e-12 117632 -5.27924e-29 6.10294e-09 -7.05854e+06 -1.14454e-10 19731.7 -3.17927e-12 -58821.2 -1.69526e-12 4.15327e-06 -2.15092e+09 -2.53944e-08 2.11061e+06 1.9737e-12 105531 5.42163e-28 -426770 -3.43359e-11 3.93007e-12 3.93007e-12 3.93007e-12 3.93007e-12 3.93007e-12 3.93007e-12 3.93007e-12 3.93007e-12 3.93007e-12 3.93007e-12 3.93007e-12 3.62542e+06 2.95947e-10 -74707.6 2.46623e-11 151059 -2.4787e+07 -2.49175e-09 645027 2.79948e-12 53752.2 -4.15291e-12 -34426.3 -2.06491e+10 -1.33025e-06 1.53637e+08 5.86883e-10 -4391.74 1.46721e-11 426770 -1.61813e-26 -512131 -64242.7 -64242.7 -64242.7 -64242.7 -64242.7 -64242.7 -64242.7 -64242.7 -64242.7 -64242.7 -64242.7 1.03586e-09 -906354 -1.16459e-11 -151059 1.4387e-11 -5.96638e-09 4.13116e+06 9.2567e-11 -6089.84 4.62835e-12 34426.3 -1.18381e-12 -7.60848e-06 2.58114e+09 3.70827e-08 -1.32772e+06 4.99172e-13 -66386.1 3.43359e-11 512131 3.05467e-27 -1.32008e-11 -1.32008e-11 -1.32008e-11 -1.32008e-11 -1.32008e-11 -1.32008e-11 -1.32008e-11 -1.32008e-11 -1.32008e-11 -1.32008e-11 -1.32008e-11 1.35351e-10 -599054 0 -99842.4 -5.63964e-12 1.25907e-09 -2.32748e+06 -1.58918e-11 29435.8 1.32431e-12 -19395.7 -1.74871e-12 -5.32257e-07 3.23783e+08 1.41482e-09 -177280 0 -8864.01 -3.93007e-12 64242.7 1.32008e-11 0 0 0 0 0 0 0 0 0 0 0 1.35351e-10 -599054 0 -99842.4 -5.63964e-12 1.25907e-09 -2.32748e+06 -1.58918e-11 29435.8 1.32431e-12 -19395.7 -1.74871e-12 -5.32257e-07 3.23783e+08 1.41482e-09 -177280 0 -8864.01 -3.93007e-12 64242.7 1.32008e-11 0 0 0 0 0 0 0 0 0 0 0 1.35351e-10 -599054 0 -99842.4 -5.63964e-12 1.25907e-09 -2.32748e+06 -1.58918e-11 29435.8 1.32431e-12 -19395.7 -1.74871e-12 -5.32257e-07 3.23783e+08 1.41482e-09 -177280 0 -8864.01 -3.93007e-12 64242.7 1.32008e-11 0 0 0 0 0 0 0 0 0 0 0 1.35351e-10 -599054 0 -99842.4 -5.63964e-12 1.25907e-09 -2.32748e+06 -1.58918e-11 29435.8 1.32431e-12 -19395.7 -1.74871e-12 -5.32257e-07 3.23783e+08 1.41482e-09 -177280 0 -8864.01 -3.93007e-12 64242.7 1.32008e-11 0 0 0 0 0 0 0 0 0 0 0 1.35351e-10 -599054 0 -99842.4 -5.63964e-12 1.25907e-09 -2.32748e+06 -1.58918e-11 29435.8 1.32431e-12 -19395.7 -1.74871e-12 -5.32257e-07 3.23783e+08 1.41482e-09 -177280 0 -8864.01 -3.93007e-12 64242.7 1.32008e-11 0 0 0 0 0 0 0 0 0 0 0 1.35351e-10 -599054 0 -99842.4 -5.63964e-12 1.25907e-09 -2.32748e+06 -1.58918e-11 29435.8 1.32431e-12 -19395.7 -1.74871e-12 -5.32257e-07 3.23783e+08 1.41482e-09 -177280 0 -8864.01 -3.93007e-12 64242.7 1.32008e-11 0 0 0 0 0 0 0 0 0 0 0 1.35351e-10 -599054 0 -99842.4 -5.63964e-12 1.25907e-09 -2.32748e+06 -1.58918e-11 29435.8 1.32431e-12 -19395.7 -1.74871e-12 -5.32257e-07 3.23783e+08 1.41482e-09 -177280 0 -8864.01 -3.93007e-12 64242.7 1.32008e-11 0 0 0 0 0 0 0 0 0 0 0 1.35351e-10 -599054 0 -99842.4 -5.63964e-12 1.25907e-09 -2.32748e+06 -1.58918e-11 29435.8 1.32431e-12 -19395.7 -1.74871e-12 -5.32257e-07 3.23783e+08 1.41482e-09 -177280 0 -8864.01 -3.93007e-12 64242.7 1.32008e-11 0 0 0 0 0 0 0 0 0 0 0 1.35351e-10 -599054 0 -99842.4 -5.63964e-12 1.25907e-09 -2.32748e+06 -1.58918e-11 29435.8 1.32431e-12 -19395.7 -1.74871e-12 -5.32257e-07 3.23783e+08 1.41482e-09 -177280 0 -8864.01 -3.93007e-12 64242.7 1.32008e-11 0 0 0 0 0 0 0 0 0 0 0 1.35351e-10 -599054 0 -99842.4 -5.63964e-12 1.25907e-09 -2.32748e+06 -1.58918e-11 29435.8 1.32431e-12 -19395.7 -1.74871e-12 -5.32257e-07 3.23783e+08 1.41482e-09 -177280 0 -8864.01 -3.93007e-12 64242.7 1.32008e-11 0 0 0 0 0 0 0 0 0 0 0 1.35351e-10 -599054 0 -99842.4 -5.63964e-12 1.25907e-09 -2.32748e+06 -1.58918e-11 29435.8 1.32431e-12 -19395.7 -1.74871e-12 -5.32257e-07 3.23783e+08 1.41482e-09 -177280 0 -8864.01 -3.93007e-12 64242.7 1.32008e-11 0 0 0 0 0 0 0 0 0 0 0 