-9.86889e+222 6.89936e+254 -6.04509e+237 1.14989e+254 1.80157e+238 3.35246e+240 -1.78327e+256 7.55592e+238 1.83495e+253 1.88898e+238 -1.48606e+254 -2.3281e+238 -9.40787e+240 -1.15377e+258 -5.70354e+223 2.41742e+255 -9.99583e+236 1.20871e+254 6.92953e+238 -2.28923e+254 6.9999e+236 1.12295e+238 1.12295e+238 1.12295e+238 1.12295e+238 1.12295e+238 1.12295e+238 1.12295e+238 1.12295e+238 1.12295e+238 1.12295e+238 1.12295e+238 -6.89936e+254 -2.1408e+221 2.06397e+253 5.6598e+237 -2.87473e+253 2.67491e+256 5.07167e+239 -5.532e+254 4.80362e+236 -4.61e+253 -1.26792e+238 3.71515e+253 2.30754e+258 1.01815e+242 -5.41035e+256 2.19549e+223 2.59407e+252 6.82991e+237 -1.50288e+254 -4.04028e+238 5.72306e+253 -3.9237e+253 -3.9237e+253 -3.9237e+253 -3.9237e+253 -3.9237e+253 -3.9237e+253 -3.9237e+253 -3.9237e+253 -3.9237e+253 -3.9237e+253 -3.9237e+253 6.04509e+237 -2.06397e+253 0 -3.43996e+252 -2.51879e+236 -4.37324e+239 7.06414e+254 2.80553e+237 -6.27256e+251 -2.33794e+236 5.88679e+252 6.07394e+236 -9.06329e+241 9.28463e+256 6.2908e+239 -9.55284e+253 0 -4.77642e+252 -1.74744e+237 1.84219e+253 2.24784e+237 0 0 0 0 0 0 0 0 0 0 0 -1.14989e+254 -5.6598e+237 3.43996e+252 1.37363e+219 -4.79122e+252 4.45818e+255 2.53583e+239 -9.22e+253 -8.00604e+235 -7.68334e+252 -7.04398e+236 6.19192e+252 3.8459e+257 3.39383e+241 -9.01725e+255 -2.27664e+238 4.32345e+251 1.02301e+220 -2.50479e+253 -3.3669e+237 9.53844e+252 -6.53949e+252 -6.53949e+252 -6.53949e+252 -6.53949e+252 -6.53949e+252 -6.53949e+252 -6.53949e+252 -6.53949e+252 -6.53949e+252 -6.53949e+252 -6.53949e+252 -1.80157e+238 2.87473e+253 2.51879e+236 4.79122e+252 -1.22428e+220 6.9843e+239 -7.43031e+254 -9.4449e+237 7.64562e+251 -2.62358e+236 -6.19192e+252 -1.94008e+236 -1.17598e+240 -4.80737e+256 -1.03943e+240 1.00726e+254 4.16493e+235 5.03629e+252 -8.23311e+220 -9.53844e+252 9.72209e+234 -4.67894e+236 -4.67894e+236 -4.67894e+236 -4.67894e+236 -4.67894e+236 -4.67894e+236 -4.67894e+236 -4.67894e+236 -4.67894e+236 -4.67894e+236 -4.67894e+236 -3.35246e+240 -2.67491e+256 4.37324e+239 -4.45818e+255 -6.9843e+239 -5.0798e+227 3.45382e+259 -2.19715e+242 -1.35375e+256 -3.66191e+241 2.87818e+257 7.32705e+241 -1.45881e+246 4.51699e+261 -1.19988e+244 -2.7289e+258 -1.08926e+240 -1.36445e+257 -1.6665e+242 8.96228e+257 2.53265e+242 -9.66376e+240 -9.66376e+240 -9.66376e+240 -9.66376e+240 -9.66376e+240 -9.66376e+240 -9.66376e+240 -9.66376e+240 -9.66376e+240 -9.66376e+240 -9.66376e+240 1.78327e+256 -5.07167e+239 -7.06414e+254 -2.53583e+239 7.43031e+254 -3.45382e+259 -1.44563e+226 4.50268e+257 -4.50745e+239 3.75224e+256 1.72933e+241 -4.79697e+256 -6.02265e+261 -7.03922e+244 5.02836e+259 -4.34472e+241 1.40553e+255 -6.51708e+240 1.39677e+257 6.98336e+241 -1.49371e+257 1.36183e+256 1.36183e+256 1.36183e+256 1.36183e+256 1.36183e+256 1.36183e+256 1.36183e+256 1.36183e+256 1.36183e+256 1.36183e+256 1.36183e+256 -7.55592e+238 5.532e+254 -2.80553e+237 9.22e+253 9.4449e+237 2.19715e+242 -4.50268e+257 2.60848e+224 2.18165e+254 2.50595e+239 -3.75224e+255 -6.10319e+239 6.02825e+244 -6.31944e+259 -1.71051e+242 4.00783e+256 4.27129e+237 2.00391e+255 1.42543e+240 -1.25386e+256 -2.49184e+240 4.68752e+238 4.68752e+238 4.68752e+238 4.68752e+238 4.68752e+238 4.68752e+238 4.68752e+238 4.68752e+238 4.68752e+238 4.68752e+238 4.68752e+238 -1.83495e+253 -4.80362e+236 6.27256e+251 8.00604e+235 -7.64562e+251 1.35375e+256 4.50745e+239 -2.18165e+254 0 -1.81804e+253 -3.75621e+237 1.88021e+253 2.83921e+258 1.03612e+242 -2.58421e+256 -2.39555e+238 -3.83646e+251 1.19778e+237 -7.17836e+253 -2.05579e+238 7.04168e+253 -7.36938e+252 -7.36938e+252 -7.36938e+252 -7.36938e+252 -7.36938e+252 -7.36938e+252 -7.36938e+252 -7.36938e+252 -7.36938e+252 -7.36938e+252 -7.36938e+252 -1.88898e+238 4.61e+253 2.33794e+236 7.68334e+252 2.62358e+236 3.66191e+241 -3.75224e+256 -2.50595e+239 1.81804e+253 1.00574e+222 -3.12686e+254 -2.54299e+238 8.37257e+243 -5.2662e+258 -4.27628e+241 3.33985e+255 -3.55941e+236 1.66993e+254 3.95951e+238 -1.04488e+255 -1.24592e+239 -3.90627e+237 -3.90627e+237 -3.90627e+237 -3.90627e+237 -3.90627e+237 -3.90627e+237 -3.90627e+237 -3.90627e+237 -3.90627e+237 -3.90627e+237 -3.90627e+237 1.48606e+254 1.26792e+238 -5.88679e+252 7.04398e+236 6.19192e+252 -2.87818e+257 -1.72933e+241 3.75224e+255 3.75621e+237 3.12686e+254 5.34205e+222 -3.99748e+254 -5.01887e+259 -2.93301e+243 4.1903e+257 1.08618e+240 1.17127e+253 1.8103e+238 1.16397e+255 1.16389e+239 -1.24476e+255 1.13486e+254 1.13486e+254 1.13486e+254 1.13486e+254 1.13486e+254 1.13486e+254 1.13486e+254 1.13486e+254 1.13486e+254 1.13486e+254 1.13486e+254 2.3281e+238 -3.71515e+253 -6.07394e+236 -6.19192e+252 1.94008e+236 -7.32705e+241 4.79697e+256 6.10319e+239 -1.88021e+253 2.54299e+238 3.99748e+254 -4.82346e+221 -1.41828e+244 6.27359e+258 8.33252e+241 -3.79014e+255 1.51287e+237 -1.89507e+254 4.62918e+238 1.24476e+255 5.0251e+238 1.34219e+238 1.34219e+238 1.34219e+238 1.34219e+238 1.34219e+238 1.34219e+238 1.34219e+238 1.34219e+238 1.34219e+238 1.34219e+238 1.34219e+238 9.40787e+240 -2.30754e+258 9.06329e+241 -3.8459e+257 1.17598e+240 1.45881e+246 6.02265e+261 -6.02825e+244 -2.83921e+258 -8.37257e+243 5.01887e+259 1.41828e+244 7.73445e+232 1.09265e+264 -5.68466e+246 -6.29598e+260 -3.86167e+242 -3.14799e+259 -4.73722e+244 2.16797e+260 7.1612e+244 -2.85923e+243 -2.85923e+243 -2.85923e+243 -2.85923e+243 -2.85923e+243 -2.85923e+243 -2.85923e+243 -2.85923e+243 -2.85923e+243 -2.85923e+243 -2.85923e+243 1.15377e+258 -1.01815e+242 -9.28463e+256 -3.39383e+241 4.80737e+256 -4.51699e+261 7.03922e+244 6.31944e+259 -1.03612e+242 5.2662e+258 2.93301e+243 -6.27359e+258 -1.09265e+264 -1.22837e+231 8.81364e+261 -1.49113e+244 2.73809e+257 -1.49113e+243 2.44823e+259 1.49358e+244 -2.70996e+259 2.27406e+258 2.27406e+258 2.27406e+258 2.27406e+258 2.27406e+258 2.27406e+258 2.27406e+258 2.27406e+258 2.27406e+258 2.27406e+258 2.27406e+258 1.14788e+226 5.41035e+256 -6.2908e+239 9.01725e+255 1.03943e+240 1.19988e+244 -5.02836e+259 1.71051e+242 2.58421e+256 4.27628e+241 -4.1903e+257 -8.33252e+241 5.68466e+246 -8.81364e+261 6.23024e+226 5.41668e+258 1.30666e+240 2.70834e+257 2.61473e+242 -1.74874e+258 -4.22966e+242 1.24499e+241 1.24499e+241 1.24499e+241 1.24499e+241 1.24499e+241 1.24499e+241 1.24499e+241 1.24499e+241 1.24499e+241 1.24499e+241 1.24499e+241 -2.41742e+255 -1.8779e+223 9.55284e+253 2.27664e+238 -1.00726e+254 2.7289e+258 4.34472e+241 -4.00783e+256 2.39555e+238 -3.33985e+255 -1.08618e+240 3.79014e+255 6.29598e+260 1.49113e+244 -5.41668e+258 -4.05843e+223 -1.2289e+254 4.81333e+239 -1.50463e+256 -5.91719e+240 1.5615e+256 -1.48062e+255 -1.48062e+255 -1.48062e+255 -1.48062e+255 -1.48062e+255 -1.48062e+255 -1.48062e+255 -1.48062e+255 -1.48062e+255 -1.48062e+255 -1.48062e+255 9.99583e+236 -2.59407e+252 0 -4.32345e+251 -4.16493e+235 1.08926e+240 -1.40553e+255 -4.27129e+237 3.83646e+251 3.55941e+236 -1.17127e+253 -1.51287e+237 3.86167e+242 -2.73809e+257 -1.30666e+240 1.2289e+254 0 6.14451e+252 3.62961e+237 -5.43273e+253 -9.57754e+237 0 0 0 0 0 0 0 0 0 0 0 -1.20871e+254 -6.82991e+237 4.77642e+252 1.07234e+221 -5.03629e+252 1.36445e+257 6.51708e+240 -2.00391e+255 -1.19778e+237 -1.66993e+254 -1.8103e+238 1.89507e+254 3.14799e+259 1.49113e+243 -2.70834e+257 -4.81333e+239 -6.14451e+252 6.09827e+221 -7.52317e+254 -1.4793e+239 7.80752e+254 -7.4031e+253 -7.4031e+253 -7.4031e+253 -7.4031e+253 -7.4031e+253 -7.4031e+253 -7.4031e+253 -7.4031e+253 -7.4031e+253 -7.4031e+253 -7.4031e+253 -6.92953e+238 1.50288e+254 1.74744e+237 2.50479e+253 -1.62245e+222 1.6665e+242 -1.39677e+257 -1.42543e+240 7.17836e+253 -3.95951e+238 -1.16397e+255 -4.62918e+238 4.73722e+244 -2.44823e+259 -2.61473e+242 1.50463e+256 -3.62961e+237 7.52317e+254 -4.15193e+223 -4.85761e+255 -3.91635e+239 -3.45832e+238 -3.45832e+238 -3.45832e+238 -3.45832e+238 -3.45832e+238 -3.45832e+238 -3.45832e+238 -3.45832e+238 -3.45832e+238 -3.45832e+238 -3.45832e+238 2.28923e+254 4.04028e+238 -1.84219e+253 3.3669e+237 9.53844e+252 -8.96228e+257 -6.98336e+241 1.25386e+256 2.05579e+238 1.04488e+255 -1.16389e+239 -1.24476e+255 -2.16797e+260 -1.49358e+244 1.74874e+258 5.91719e+240 5.43273e+253 1.4793e+239 4.85761e+255 -1.05458e+223 -5.3769e+255 4.51202e+254 4.51202e+254 4.51202e+254 4.51202e+254 4.51202e+254 4.51202e+254 4.51202e+254 4.51202e+254 4.51202e+254 4.51202e+254 4.51202e+254 -6.9999e+236 -5.72306e+253 -2.24784e+237 -9.53844e+252 -9.72209e+234 -2.53265e+242 1.49371e+257 2.49184e+240 -7.04168e+253 1.24592e+239 1.24476e+255 -5.0251e+238 -7.1612e+244 2.70996e+259 4.22966e+242 -1.5615e+256 9.57754e+237 -7.80752e+254 3.91635e+239 5.3769e+255 -9.97441e+223 7.09134e+238 7.09134e+238 7.09134e+238 7.09134e+238 7.09134e+238 7.09134e+238 7.09134e+238 7.09134e+238 7.09134e+238 7.09134e+238 7.09134e+238 -1.12295e+238 3.9237e+253 0 6.53949e+252 4.67894e+236 9.66376e+240 -1.36183e+256 -4.68752e+238 7.36938e+252 3.90627e+237 -1.13486e+254 -1.34219e+238 2.85923e+243 -2.27406e+258 -1.24499e+241 1.48062e+255 0 7.4031e+253 3.45832e+238 -4.51202e+254 -7.09134e+238 0 0 0 0 0 0 0 0 0 0 0 -1.12295e+238 3.9237e+253 0 6.53949e+252 4.67894e+236 9.66376e+240 -1.36183e+256 -4.68752e+238 7.36938e+252 3.90627e+237 -1.13486e+254 -1.34219e+238 2.85923e+243 -2.27406e+258 -1.24499e+241 1.48062e+255 0 7.4031e+253 3.45832e+238 -4.51202e+254 -7.09134e+238 0 0 0 0 0 0 0 0 0 0 0 -1.12295e+238 3.9237e+253 0 6.53949e+252 4.67894e+236 9.66376e+240 -1.36183e+256 -4.68752e+238 7.36938e+252 3.90627e+237 -1.13486e+254 -1.34219e+238 2.85923e+243 -2.27406e+258 -1.24499e+241 1.48062e+255 0 7.4031e+253 3.45832e+238 -4.51202e+254 -7.09134e+238 0 0 0 0 0 0 0 0 0 0 0 -1.12295e+238 3.9237e+253 0 6.53949e+252 4.67894e+236 9.66376e+240 -1.36183e+256 -4.68752e+238 7.36938e+252 3.90627e+237 -1.13486e+254 -1.34219e+238 2.85923e+243 -2.27406e+258 -1.24499e+241 1.48062e+255 0 7.4031e+253 3.45832e+238 -4.51202e+254 -7.09134e+238 0 0 0 0 0 0 0 0 0 0 0 -1.12295e+238 3.9237e+253 0 6.53949e+252 4.67894e+236 9.66376e+240 -1.36183e+256 -4.68752e+238 7.36938e+252 3.90627e+237 -1.13486e+254 -1.34219e+238 2.85923e+243 -2.27406e+258 -1.24499e+241 1.48062e+255 0 7.4031e+253 3.45832e+238 -4.51202e+254 -7.09134e+238 0 0 0 0 0 0 0 0 0 0 0 -1.12295e+238 3.9237e+253 0 6.53949e+252 4.67894e+236 9.66376e+240 -1.36183e+256 -4.68752e+238 7.36938e+252 3.90627e+237 -1.13486e+254 -1.34219e+238 2.85923e+243 -2.27406e+258 -1.24499e+241 1.48062e+255 0 7.4031e+253 3.45832e+238 -4.51202e+254 -7.09134e+238 0 0 0 0 0 0 0 0 0 0 0 -1.12295e+238 3.9237e+253 0 6.53949e+252 4.67894e+236 9.66376e+240 -1.36183e+256 -4.68752e+238 7.36938e+252 3.90627e+237 -1.13486e+254 -1.34219e+238 2.85923e+243 -2.27406e+258 -1.24499e+241 1.48062e+255 0 7.4031e+253 3.45832e+238 -4.51202e+254 -7.09134e+238 0 0 0 0 0 0 0 0 0 0 0 -1.12295e+238 3.9237e+253 0 6.53949e+252 4.67894e+236 9.66376e+240 -1.36183e+256 -4.68752e+238 7.36938e+252 3.90627e+237 -1.13486e+254 -1.34219e+238 2.85923e+243 -2.27406e+258 -1.24499e+241 1.48062e+255 0 7.4031e+253 3.45832e+238 -4.51202e+254 -7.09134e+238 0 0 0 0 0 0 0 0 0 0 0 -1.12295e+238 3.9237e+253 0 6.53949e+252 4.67894e+236 9.66376e+240 -1.36183e+256 -4.68752e+238 7.36938e+252 3.90627e+237 -1.13486e+254 -1.34219e+238 2.85923e+243 -2.27406e+258 -1.24499e+241 1.48062e+255 0 7.4031e+253 3.45832e+238 -4.51202e+254 -7.09134e+238 0 0 0 0 0 0 0 0 0 0 0 -1.12295e+238 3.9237e+253 0 6.53949e+252 4.67894e+236 9.66376e+240 -1.36183e+256 -4.68752e+238 7.36938e+252 3.90627e+237 -1.13486e+254 -1.34219e+238 2.85923e+243 -2.27406e+258 -1.24499e+241 1.48062e+255 0 7.4031e+253 3.45832e+238 -4.51202e+254 -7.09134e+238 0 0 0 0 0 0 0 0 0 0 0 -1.12295e+238 3.9237e+253 0 6.53949e+252 4.67894e+236 9.66376e+240 -1.36183e+256 -4.68752e+238 7.36938e+252 3.90627e+237 -1.13486e+254 -1.34219e+238 2.85923e+243 -2.27406e+258 -1.24499e+241 1.48062e+255 0 7.4031e+253 3.45832e+238 -4.51202e+254 -7.09134e+238 0 0 0 0 0 0 0 0 0 0 0 