3.8276e+221 3.11697e+253 -2.41398e+236 5.19495e+252 8.72857e+236 7.8169e+239 -3.14883e+255 1.02608e+238 1.35595e+252 2.5652e+237 -2.62403e+253 -5.4284e+237 -2.32637e+242 3.22463e+257 -5.46913e+222 -1.45075e+254 -8.09847e+235 -7.25373e+252 -8.44739e+237 6.39807e+253 1.73093e+238 4.95484e+236 4.95484e+236 4.95484e+236 4.95484e+236 4.95484e+236 4.95484e+236 4.95484e+236 4.95484e+236 4.95484e+236 4.95484e+236 4.95484e+236 -3.11697e+253 -3.03559e+219 7.48679e+251 2.35602e+236 -1.29874e+252 4.72325e+255 7.22727e+238 -6.37676e+253 3.32497e+235 -5.31397e+252 -1.80682e+237 6.56007e+252 -6.44925e+257 -1.36293e+241 4.37733e+255 -5.23509e+221 2.10673e+251 -3.255e+236 1.21592e+253 5.40846e+237 -1.59952e+253 -1.44631e+252 -1.44631e+252 -1.44631e+252 -1.44631e+252 -1.44631e+252 -1.44631e+252 -1.44631e+252 -1.44631e+252 -1.44631e+252 -1.44631e+252 -1.44631e+252 2.41398e+236 -7.48679e+251 0 -1.2478e+251 -1.00583e+235 -5.59875e+238 7.76327e+253 2.62501e+236 -3.91394e+250 -2.18751e+235 6.46939e+251 7.77604e+235 8.88388e+240 -6.45115e+255 -3.22569e+238 3.40685e+252 0 1.70343e+251 8.96026e+235 -1.27999e+252 -2.20334e+236 0 0 0 0 0 0 0 0 0 0 0 -5.19495e+252 -2.35602e+236 1.2478e+251 2.00333e+218 -2.16456e+251 7.87209e+254 3.61363e+238 -1.06279e+253 -5.54162e+234 -8.85661e+251 -1.00379e+236 1.09335e+252 -1.07488e+257 -4.54311e+240 7.29554e+254 1.085e+237 3.51122e+250 -3.82362e+219 2.02654e+252 4.50705e+236 -2.66586e+252 -2.41052e+251 -2.41052e+251 -2.41052e+251 -2.41052e+251 -2.41052e+251 -2.41052e+251 -2.41052e+251 -2.41052e+251 -2.41052e+251 -2.41052e+251 -2.41052e+251 -8.72857e+236 1.29874e+252 1.00583e+235 2.16456e+251 -2.36816e+219 1.62852e+239 -1.31201e+254 -1.2826e+237 5.64981e+250 -3.56278e+235 -1.09335e+252 -4.52367e+235 -2.90796e+241 1.34359e+256 1.26711e+239 -6.04477e+252 3.37436e+234 -3.02239e+251 -9.56684e+219 2.66586e+252 2.40407e+236 -2.06452e+235 -2.06452e+235 -2.06452e+235 -2.06452e+235 -2.06452e+235 -2.06452e+235 -2.06452e+235 -2.06452e+235 -2.06452e+235 -2.06452e+235 -2.06452e+235 -7.8169e+239 -4.72325e+255 5.59875e+238 -7.87209e+254 -1.62852e+239 6.53907e+226 7.15215e+257 -4.61894e+240 -3.01104e+254 -7.69823e+239 5.96013e+255 1.50168e+240 1.43665e+244 -4.14621e+259 1.01716e+242 2.04515e+256 1.47642e+238 1.02258e+255 1.41272e+240 -8.22661e+255 -2.49418e+240 -2.58338e+239 -2.58338e+239 -2.58338e+239 -2.58338e+239 -2.58338e+239 -2.58338e+239 -2.58338e+239 -2.58338e+239 -2.58338e+239 -2.58338e+239 -2.58338e+239 3.14883e+255 -7.22727e+238 -7.76327e+253 -3.61363e+238 1.31201e+254 -7.15215e+257 4.10324e+224 9.57338e+255 -1.0012e+238 7.97782e+254 3.62473e+239 -9.93355e+254 5.52828e+259 6.03672e+242 -3.99495e+257 3.06862e+239 -1.83553e+253 4.60293e+238 -1.10971e+255 -5.98881e+239 1.3711e+255 3.5511e+254 3.5511e+254 3.5511e+254 3.5511e+254 3.5511e+254 3.5511e+254 3.5511e+254 3.5511e+254 3.5511e+254 3.5511e+254 3.5511e+254 -1.02608e+238 6.37676e+253 -2.62501e+236 1.06279e+253 1.2826e+237 4.61894e+240 -9.57338e+255 -3.46807e+221 4.81143e+252 5.3861e+237 -7.97782e+253 -1.28304e+238 -5.07693e+242 4.98972e+257 1.2559e+240 -2.62955e+254 -5.42306e+235 -1.31477e+253 -1.04658e+238 9.90024e+253 2.0986e+238 1.17842e+237 1.17842e+237 1.17842e+237 1.17842e+237 1.17842e+237 1.17842e+237 1.17842e+237 1.17842e+237 1.17842e+237 1.17842e+237 1.17842e+237 -1.35595e+252 -3.32497e+235 3.91394e+250 5.54162e+234 -5.64981e+250 3.01104e+254 1.0012e+238 -4.81143e+252 0 -4.00952e+251 -8.34337e+235 4.182e+251 -1.70505e+256 -5.98672e+239 1.4215e+254 1.2079e+236 4.70972e+249 -6.03951e+234 3.94862e+251 1.18784e+236 -4.2288e+251 -1.60816e+251 -1.60816e+251 -1.60816e+251 -1.60816e+251 -1.60816e+251 -1.60816e+251 -1.60816e+251 -1.60816e+251 -1.60816e+251 -1.60816e+251 -1.60816e+251 -2.5652e+237 5.31397e+252 2.18751e+235 8.85661e+251 3.56278e+235 7.69823e+239 -7.97782e+254 -5.3861e+237 4.00952e+251 2.57572e+220 -6.64818e+252 -5.34599e+236 -7.05128e+241 4.1581e+256 3.13975e+239 -2.19129e+253 4.51922e+234 -1.09565e+252 -2.90718e+236 8.2502e+252 1.0493e+237 -9.82017e+235 -9.82017e+235 -9.82017e+235 -9.82017e+235 -9.82017e+235 -9.82017e+235 -9.82017e+235 -9.82017e+235 -9.82017e+235 -9.82017e+235 -9.82017e+235 2.62403e+253 1.80682e+237 -6.46939e+251 1.00379e+236 1.09335e+252 -5.96013e+255 -3.62473e+239 7.97782e+253 8.34337e+235 6.64818e+252 -1.57525e+221 -8.27795e+252 4.6069e+257 2.5153e+241 -3.32912e+255 -7.67155e+237 -1.52961e+251 -1.27859e+236 -9.24757e+252 -9.98135e+236 1.14258e+253 2.95925e+252 2.95925e+252 2.95925e+252 2.95925e+252 2.95925e+252 2.95925e+252 2.95925e+252 2.95925e+252 2.95925e+252 2.95925e+252 2.95925e+252 5.4284e+237 -6.56007e+252 -7.77604e+235 -1.09335e+252 4.52367e+235 -1.50168e+240 9.93355e+254 1.28304e+238 -4.182e+251 5.34599e+236 8.27795e+252 -9.9831e+220 1.39674e+242 -5.75863e+256 -7.06362e+239 2.84049e+253 -2.05058e+235 1.42025e+252 -3.92424e+236 -1.14258e+253 -4.94877e+236 3.58803e+236 3.58803e+236 3.58803e+236 3.58803e+236 3.58803e+236 3.58803e+236 3.58803e+236 3.58803e+236 3.58803e+236 3.58803e+236 3.58803e+236 2.32637e+242 6.44925e+257 -8.88388e+240 1.07488e+257 2.90796e+241 -1.43665e+244 -5.52828e+259 5.07693e+242 1.70505e+256 7.05128e+241 -4.6069e+257 -1.39674e+242 -4.61997e+230 2.02591e+262 -8.51581e+244 -6.54913e+258 -1.2821e+241 -3.27457e+257 -7.09651e+242 4.01967e+258 1.59047e+243 1.22931e+242 1.22931e+242 1.22931e+242 1.22931e+242 1.22931e+242 1.22931e+242 1.22931e+242 1.22931e+242 1.22931e+242 1.22931e+242 1.22931e+242 -3.22463e+257 1.36293e+241 6.45115e+255 4.54311e+240 -1.34359e+256 4.14621e+259 -6.03672e+242 -4.98972e+257 5.98672e+239 -4.1581e+256 -2.5153e+241 5.75863e+256 -2.02591e+262 5.94888e+229 1.11531e+260 -1.35425e+242 7.7908e+255 -1.35425e+241 3.09809e+257 2.31833e+242 -5.02458e+257 -8.08912e+256 -8.08912e+256 -8.08912e+256 -8.08912e+256 -8.08912e+256 -8.08912e+256 -8.08912e+256 -8.08912e+256 -8.08912e+256 -8.08912e+256 -8.08912e+256 1.08949e+224 -4.37733e+255 3.22569e+238 -7.29554e+254 -1.26711e+239 -1.01716e+242 3.99495e+257 -1.2559e+240 -1.4215e+254 -3.13975e+239 3.32912e+255 7.06362e+239 8.51581e+244 -1.11531e+260 3.12703e+226 4.29639e+256 3.05408e+238 2.1482e+255 2.74664e+240 -2.21292e+256 -6.33617e+240 -3.63082e+239 -3.63082e+239 -3.63082e+239 -3.63082e+239 -3.63082e+239 -3.63082e+239 -3.63082e+239 -3.63082e+239 -3.63082e+239 -3.63082e+239 -3.63082e+239 1.45075e+254 2.59859e+221 -3.40685e+252 -1.085e+237 6.04477e+252 -2.04515e+256 -3.06862e+239 2.62955e+254 -1.2079e+236 2.19129e+253 7.67155e+237 -2.84049e+253 6.54913e+258 1.35425e+242 -4.29639e+256 -3.01249e+221 -1.89126e+252 3.21404e+237 -1.19344e+254 -5.374e+238 1.62429e+254 3.2636e+253 3.2636e+253 3.2636e+253 3.2636e+253 3.2636e+253 3.2636e+253 3.2636e+253 3.2636e+253 3.2636e+253 3.2636e+253 3.2636e+253 8.09847e+235 -2.10673e+251 0 -3.51122e+250 -3.37436e+234 -1.47642e+238 1.83553e+253 5.42306e+235 -4.70972e+249 -4.51922e+234 1.52961e+251 2.05058e+235 1.2821e+241 -7.7908e+255 -3.05408e+238 1.89126e+252 0 9.45631e+250 8.48357e+235 -1.54579e+252 -3.17982e+236 0 0 0 0 0 0 0 0 0 0 0 7.25373e+252 3.255e+236 -1.70343e+251 -2.6922e+219 3.02239e+251 -1.02258e+255 -4.60293e+238 1.31477e+253 6.03951e+234 1.09565e+252 1.27859e+236 -1.42025e+252 3.27457e+257 1.35425e+241 -2.1482e+255 -3.21404e+237 -9.45631e+250 2.02548e+218 -5.96721e+252 -1.3435e+237 8.12144e+252 1.6318e+252 1.6318e+252 1.6318e+252 1.6318e+252 1.6318e+252 1.6318e+252 1.6318e+252 1.6318e+252 1.6318e+252 1.6318e+252 1.6318e+252 8.44739e+237 -1.21592e+253 -8.96026e+235 -2.02654e+252 6.35083e+219 -1.41272e+240 1.10971e+255 1.04658e+238 -3.94862e+251 2.90718e+236 9.24757e+252 3.92424e+236 7.09651e+242 -3.09809e+257 -2.74664e+240 1.19344e+254 -8.48357e+235 5.96721e+252 1.22199e+221 -6.147e+253 -5.86682e+237 1.00856e+237 1.00856e+237 1.00856e+237 1.00856e+237 1.00856e+237 1.00856e+237 1.00856e+237 1.00856e+237 1.00856e+237 1.00856e+237 1.00856e+237 -6.39807e+253 -5.40846e+237 1.27999e+252 -4.50705e+236 -2.66586e+252 8.22661e+255 5.98881e+239 -9.90024e+253 -1.18784e+236 -8.2502e+252 9.98135e+236 1.14258e+253 -4.01967e+258 -2.31833e+242 2.21292e+256 5.374e+238 1.54579e+252 1.3435e+237 6.147e+253 3.59936e+222 -9.96941e+253 -1.60498e+253 -1.60498e+253 -1.60498e+253 -1.60498e+253 -1.60498e+253 -1.60498e+253 -1.60498e+253 -1.60498e+253 -1.60498e+253 -1.60498e+253 -1.60498e+253 -1.73093e+238 1.59952e+253 2.20334e+236 2.66586e+252 -2.40407e+236 2.49418e+240 -1.3711e+255 -2.0986e+238 4.2288e+251 -1.0493e+237 -1.14258e+253 4.94877e+236 -1.59047e+243 5.02458e+257 6.33617e+240 -1.62429e+254 3.17982e+236 -8.12144e+252 5.86682e+237 9.96941e+253 -1.13976e+221 -3.04888e+237 -3.04888e+237 -3.04888e+237 -3.04888e+237 -3.04888e+237 -3.04888e+237 -3.04888e+237 -3.04888e+237 -3.04888e+237 -3.04888e+237 -3.04888e+237 -4.95484e+236 1.44631e+252 0 2.41052e+251 2.06452e+235 2.58338e+239 -3.5511e+254 -1.17842e+237 1.60816e+251 9.82017e+235 -2.95925e+252 -3.58803e+236 -1.22931e+242 8.08912e+256 3.63082e+239 -3.2636e+253 0 -1.6318e+252 -1.00856e+237 1.60498e+253 3.04888e+237 0 0 0 0 0 0 0 0 0 0 0 -4.95484e+236 1.44631e+252 0 2.41052e+251 2.06452e+235 2.58338e+239 -3.5511e+254 -1.17842e+237 1.60816e+251 9.82017e+235 -2.95925e+252 -3.58803e+236 -1.22931e+242 8.08912e+256 3.63082e+239 -3.2636e+253 0 -1.6318e+252 -1.00856e+237 1.60498e+253 3.04888e+237 0 0 0 0 0 0 0 0 0 0 0 -4.95484e+236 1.44631e+252 0 2.41052e+251 2.06452e+235 2.58338e+239 -3.5511e+254 -1.17842e+237 1.60816e+251 9.82017e+235 -2.95925e+252 -3.58803e+236 -1.22931e+242 8.08912e+256 3.63082e+239 -3.2636e+253 0 -1.6318e+252 -1.00856e+237 1.60498e+253 3.04888e+237 0 0 0 0 0 0 0 0 0 0 0 -4.95484e+236 1.44631e+252 0 2.41052e+251 2.06452e+235 2.58338e+239 -3.5511e+254 -1.17842e+237 1.60816e+251 9.82017e+235 -2.95925e+252 -3.58803e+236 -1.22931e+242 8.08912e+256 3.63082e+239 -3.2636e+253 0 -1.6318e+252 -1.00856e+237 1.60498e+253 3.04888e+237 0 0 0 0 0 0 0 0 0 0 0 -4.95484e+236 1.44631e+252 0 2.41052e+251 2.06452e+235 2.58338e+239 -3.5511e+254 -1.17842e+237 1.60816e+251 9.82017e+235 -2.95925e+252 -3.58803e+236 -1.22931e+242 8.08912e+256 3.63082e+239 -3.2636e+253 0 -1.6318e+252 -1.00856e+237 1.60498e+253 3.04888e+237 0 0 0 0 0 0 0 0 0 0 0 -4.95484e+236 1.44631e+252 0 2.41052e+251 2.06452e+235 2.58338e+239 -3.5511e+254 -1.17842e+237 1.60816e+251 9.82017e+235 -2.95925e+252 -3.58803e+236 -1.22931e+242 8.08912e+256 3.63082e+239 -3.2636e+253 0 -1.6318e+252 -1.00856e+237 1.60498e+253 3.04888e+237 0 0 0 0 0 0 0 0 0 0 0 -4.95484e+236 1.44631e+252 0 2.41052e+251 2.06452e+235 2.58338e+239 -3.5511e+254 -1.17842e+237 1.60816e+251 9.82017e+235 -2.95925e+252 -3.58803e+236 -1.22931e+242 8.08912e+256 3.63082e+239 -3.2636e+253 0 -1.6318e+252 -1.00856e+237 1.60498e+253 3.04888e+237 0 0 0 0 0 0 0 0 0 0 0 -4.95484e+236 1.44631e+252 0 2.41052e+251 2.06452e+235 2.58338e+239 -3.5511e+254 -1.17842e+237 1.60816e+251 9.82017e+235 -2.95925e+252 -3.58803e+236 -1.22931e+242 8.08912e+256 3.63082e+239 -3.2636e+253 0 -1.6318e+252 -1.00856e+237 1.60498e+253 3.04888e+237 0 0 0 0 0 0 0 0 0 0 0 -4.95484e+236 1.44631e+252 0 2.41052e+251 2.06452e+235 2.58338e+239 -3.5511e+254 -1.17842e+237 1.60816e+251 9.82017e+235 -2.95925e+252 -3.58803e+236 -1.22931e+242 8.08912e+256 3.63082e+239 -3.2636e+253 0 -1.6318e+252 -1.00856e+237 1.60498e+253 3.04888e+237 0 0 0 0 0 0 0 0 0 0 0 -4.95484e+236 1.44631e+252 0 2.41052e+251 2.06452e+235 2.58338e+239 -3.5511e+254 -1.17842e+237 1.60816e+251 9.82017e+235 -2.95925e+252 -3.58803e+236 -1.22931e+242 8.08912e+256 3.63082e+239 -3.2636e+253 0 -1.6318e+252 -1.00856e+237 1.60498e+253 3.04888e+237 0 0 0 0 0 0 0 0 0 0 0 -4.95484e+236 1.44631e+252 0 2.41052e+251 2.06452e+235 2.58338e+239 -3.5511e+254 -1.17842e+237 1.60816e+251 9.82017e+235 -2.95925e+252 -3.58803e+236 -1.22931e+242 8.08912e+256 3.63082e+239 -3.2636e+253 0 -1.6318e+252 -1.00856e+237 1.60498e+253 3.04888e+237 0 0 0 0 0 0 0 0 0 0 0 